Strap	captures	x	y	vm	vvi	heather	calluna	baer	moss	etgm	sigdm	fjaer	lichen	veg	pen	stdp	tueh	vindf	sti	kratt
1	1	9	-1	1.375	1.25	0.625	0	0.7	1.875	1.75	0	0	0	21	13.875	5.251984	5	0	0	0
2	4	9	2	1	1.875	1.25	0	0.7	1.875	1.125	1	0.25	0	16	14.3125	4.935838	15	0.5	0.625	0
3	16	9	6	1.625	1.5	0.75	0	0.7	2.125	0.5	0.625	0.625	0	20.75	17.4375	4.830028	8.75	2.5	0.25	0.625
4	7	9	9	2	1.25	0	0.25	0.75	2.25	0	1.625	0.125	0.75	21	14.125	1.821172	12.05	2.5	0	0.25
5	10	9	12	2	1.125	0	0	0.625	2.25	0	1.625	0	0.25	26	18.06667	2.491892	13.33333	8	0	0.375
6	0	9	15	0.375	0.625	0	0.125	0.7	2.375	0	0.75	0	1.25	17	15.375	2.918333	15	0	0.625	0.25
7	0	9	18	1.5	1.625	0.25	0	0.875	2.625	0.25	0.25	0	0.25	22.5	19.375	4.688639	6.666667	1.25	0.375	0.125
8	1	9	21	2.125	1.25	0.5	0	1.5	2.625	0.25	1.25	0.25	0	25.25	20.9375	4.493977	13.75	8.75	0	0.375
9	6	9	24	1.625	1.375	0.5	0.25	0.75	2.875	0.25	1	0	0.375	24	16.9375	5.297405	8.333333	1.25	0.125	0
10	4	9	28	1.75	1	0	0	0.875	2.75	1	0.5	0.375	0	23	18.75	3.549648	11.25	2	0	0.125
11	11	9	31	2.25	2.25	1.25	0	1.75	2.875	0	0.75	0	0	28.5	16.6875	3.8422	10	0	0.25	0.125
12	1	9	34	2.25	1.875	1	0.75	0.875	2.75	0	0.625	0.5	0.625	26.25	18.1875	3.798574	20	1.25	0	0.125
13	7	9	37	2.125	2.125	0.625	0	0.625	2.875	0.125	0.875	0.625	0.25	25.5	18.6875	3.534945	20.5	0	0	0
14	1	9	40	1.75	2	1.875	0.75	0.75	3	0	0.25	0	0.25	21	18.6875	3.070695	17.5	0	0.125	0
15	1	10	43	1.75	1.25	0.5	0.75	0.5	2.625	0.25	0.5	0	1.125	20.75	13.625	4.240676	2.75	1.25	0.125	0.125
16	5	10	46	2	1.75	0.875	0.75	0.75	2.875	0	0.625	0	0.25	27	13.5	3.05505	2.75	1.25	0	0
17	1	10	50	1.375	2	1.5	0.75	0.375	2.375	0	0.125	0	0.5	18.25	11.9375	2.719528	5	1.25	0.5	0
18	14	8	50	0	0.5	0	1.75	0	0.375	0	0	0	0.25	30.75	7.9375	2.619637	3.75	0	0.375	2.25
19	3	7	47	0.375	1.375	0.25	0.875	0.5	1.375	0	0.5	0	0.125	14.5	10.375	2.801785	5	1.25	0.625	0.75
20	1	6	37	0.375	1.5	1.25	0.125	0.125	1.25	0	0.125	0	2.375	10	12.5625	3.723238	6.666667	1.25	0.5	0
21	1	6	34	2.125	1.875	1.75	0.75	1.25	2.875	0	0.5	0	0.875	23	13.125	4.379878	15	6.25	0.5	0
22	4	6	31	2	1.75	0.5	1	0.5	2.625	0	1	0	0.75	22.5	13.5	3.705851	10	0.75	0.25	0.125
23	0	6	27	1.75	2.25	1	0.25	0.75	2.5	0	1	0	1	17.5	16.5	4.760952	11.25	0	0.5	0
24	7	3	28	1.75	2	0	0.875	1.375	2.75	0	1.25	0	0.875	22.5	14.0625	3.213902	6.25	5	0.25	0
25	7	2	24	1.5	1.5	1.125	0	0.75	2.875	0	0.375	0	1	18.75	15.1875	3.468309	10.75	0	0	0
26	2	5	24	1.875	2.25	0.25	0.875	1.25	2.75	0.25	0.75	0.125	0.25	29	16.5625	4.788441	13.75	3.75	0.25	0.75
27	0	5	21	1.75	1.75	0.25	1	1	3	0	1.125	0	0.375	20.5	15.25	4.434712	5.75	2	0.5	0.125
28	7	2	21	1.625	1.75	1.25	0.25	0.5	3	0	0.25	0	0	21.5	17.625	4.558874	18.25	2	0	0.125
29	1	3	18	0.125	2.25	0	1	0.375	2.875	0	0.625	0	0.5	13	17.1875	5.406401	7	2.25	0.5	0
30	3	5	18	1.375	1	0.25	0	0.333333	2.875	0	0.375	0	1	17.5	15.5	5.151052	17.5	3.25	0.25	0
31	0	5	15	1.5	1.5	0.625	0.25	0.75	3	0.5	0.875	0.25	0	18.75	17.5	4.163332	11.25	1.25	0.25	0.625
32	1	4	12	0.5	1.25	0	0.25	0	1.5	0.25	0.875	0	0	16	13.6875	3.961797	5	1.25	0.375	0.625
33	14	13	47	2.125	1.75	1	0	0.666667	2	1.625	0.5	0.5	0	23.75	16.875	5.840947	18.75	0.25	0	0.625
34	4	13	44	1.75	1.875	2	0.25	0.5	2.375	0.875	0.875	0.125	0.125	21.5	15.1875	3.902456	18.75	0	0.125	0
35	1	13	40	1.875	1.875	0	0.75	0.5	3	0	0.5	0	0.875	20.25	14.125	4.080441	11.25	0	0	0
36	6	13	37	2.125	2	0	0	1.125	2.875	0.125	0.625	0.125	0.25	27.25	16.375	5.59613	15	3.75	0	0
37	1	13	34	0.25	1.625	0.375	0.125	0.25	2.75	0	0.875	0	0.375	14	14.375	3.40343	7.5	0	0	0.5
38	9	13	31	2.5	2	0.25	0	1.75	2.75	0	1.125	0.5	0.25	27.75	19.8125	6.013526	12.5	0	0	0
39	1	13	28	2.375	1.75	0	0	0.5	0.625	2.125	0.75	1.75	0	26.75	13.0625	3.375772	20	7.5	0.125	0
40	5	12	25	1.875	1.625	0.125	0.375	0.5	2.875	0	0.75	0.5	0.25	29	17	2.73252	41.25	7.5	0.125	0
41	1	13	21	0.75	1	0	0	0.375	2.625	0	1	0	0.875	15	14.5625	5.476845	5	3.75	0	0
42	0	12	18	1.75	1.375	0.125	0	1.125	2.625	0	1.125	0	0.625	25.75	16.5	4.289522	5	2.5	0	0
43	3	12	15	1.75	1.625	0.625	0.25	1.5	2.875	0.75	1.375	0.625	0	31.25	18.3125	4.812744	15	3.75	0	0.5
44	9	12	12	1.5	1.875	1	0.25	0.75	2.875	0	0.75	0	0	20.25	15	5.215362	6.25	0.5	0	0.5
45	0	12	8	1	1.875	0.625	1	0.625	2.5	0	0.75	0	0.75	20	12	3.265986	3.75	0	0.75	0
46	10	12	6	0	0	0	1.625	0	0	0	0	0	0.25	35.75	8.9375	4.25	13.75	2.5	0	1.125
47	2	15	10	0.625	1.625	0.375	0.125	0.25	1.375	0	1.25	0	0.125	14.25	14.5	3.444803	10	2	0.5	0.75
48	3	15	13	2	2	0.25	0.25	0.5	1.5	1.75	1.625	1	0	21.5	13.875	3.074085	6.25	3.75	0	0.5
49	10	16	16	1.875	1.625	0.25	0	0.75	2.5	0.625	0.875	0.75	0	21.75	16.8125	4.679298	15	1.5	0	0.625
50	1	15	19	2.125	1.75	0	0	1.75	2.75	0	1.5	0.25	0.5	21.75	14.25	4.106905	17.5	0	0.375	0.25
51	3	16	23	1.75	1.5	0.875	0.125	1	2.5	0.125	0.75	0	0.75	19.5	16.6875	5.90727	5	1.25	0.375	0.25
52	1	16	25	1.875	2	1.125	0.375	0.75	3	0	0.75	0	0.625	21.5	16.4375	6.622877	12.5	2.5	0	0.125
53	0	15	28	1.625	1.75	0	0.125	1.125	2.625	0.375	0.75	0.375	0.625	23.5	14.1875	3.816084	7.5	0.25	0	0
54	0	16	31	1.75	2	0.125	0.125	0.875	3	0.125	0.5	0	0.25	22.25	14.75	3.454466	8.75	1.75	0	0.5
55	3	16	34	2	2.125	0.625	0.25	0.666667	2.25	0	1.375	0.875	0	22.25	16.3125	3.156343	22.5	1.75	0	0.625
56	6	15	38	2.5	1.75	0	0	0.75	1.75	0.625	1	2	0	30	13.4375	3.405266	10	7	0	0.25
57	1	16	40	2	1.625	0.125	0.25	1.666667	3	0	0.25	0	0	22.75	14.125	4.425306	7.5	8.75	0.5	0
58	7	15	43	2	1.75	0.25	0	0.5	1.875	1.5	0.5	0.75	0	30.25	17.125	3.263434	17.5	1.25	0	0.375
59	9	20	35	2.5	1.75	0.5	0.625	1.5	2.625	0.75	1.25	1	0	27.25	13.0625	3.567796	13.75	1.25	0	0.125
60	8	20	32	2.125	1.875	0	0.25	0.75	1.25	1.75	0.875	1.625	0	24.5	14.4375	5.609144	13.75	5	0.125	1
61	5	20	28	1.625	0.75	0	0	0.375	1.375	2.375	1	1.75	0	19.75	14.625	4.06407	23.75	10	0	0.5
62	0	19	25	2.25	2	0	0.625	1.25	3	0	0.625	0	0.625	21.25	16.125	3.73943	8.75	4.25	0	0.625
63	1	19	23	2	1.875	1.125	0	0.75	2.5	0.125	1.25	0.625	0	20.5	15.6875	4.362243	10	0.25	0	1
64	3	18	19	2.625	1.25	0.625	0.125	1.25	2.375	0	1.625	1.125	0.125	27.5	13.6875	3.239727	13.75	1.25	0	0
65	10	18	16	1.625	2	1.75	0.25	1	2.875	0	0.375	0	0	17.75	20.3125	6.789391	32.5	18	0	0.25
66	10	22	26	2.125	2	0.375	0.125	0.625	2.625	0.125	1	0	0.125	21.25	16.375	5.829523	13.75	3.75	0	0
67	17	22	29	2.125	1.75	0.25	0	1	2	1.375	1.25	1.25	0	25	16.375	4.787136	11.25	5	0.5	0
68	7	22	32	2.125	1.875	0.375	0.125	1.125	2.625	0.125	0.5	0.5	0	24	15.9375	4.449251	13.75	1.75	0.5	0.625
69	15	25	35	1	1.75	2	0.875	0.5	1.875	0.375	0.875	0	0	21.25	15.1875	4.003644	12.5	1.25	0.375	0.125
70	4	22	38	1.375	2	1.625	0	0.375	2.875	0	0.5	0	0.75	24	13.1875	3.310967	8.75	0	0	0.125
71	13	22	35	2.375	1.5	0	0	2	2.875	0.125	0.5	0	0	28	17.0625	5.182905	11.25	4.5	0	0.5
