ID_2	Xt	Yt	MOS	pH	ARC	Altura	Zones(4)	TvsPP
256	376539.45	6419165.35	0.55	7.1	6.7	576	IV	0.229137199434229
351	311319.28	6250933.95	0.62	6.7	7.2	383	IV	0.247391952309985
354	322774.56	6196569.08	0.68	6.4	5.7	296	IV	0.273322422258592
327	342963.04	6193914.84	0.73	6.9	6.2	258	IV	0.261682242990654
356	314626.09	6153623.93	0.78	6.6	11.4	276	IV	0.303085299455535
239	394375.15	6156444.52	0.82	6.5	8.8	160	IV	0.243515850144092
300	364634.38	6141008.11	0.83	6.5	11.5	194	IV	0.264566929133858
121	478163.29	6197930.61	0.84	8.1	12.3	134	IV	0.227520435967302
13	583401.29	6415459.43	0.86	10	10.2	97	III	0.197021764032073
384	250409.82	6572977.82	0.87	7.4	7.2	224	I	0.429769392033543
299	354127	6154878.16	0.87	6.7	6.4	220	IV	0.267942583732057
355	313315.45	6173792.07	0.88	6.5	9.6	291	IV	0.295053003533569
328	343616.12	6170951.63	0.9	6.4	0	238	IV	0.270531400966184
176	440967.5	6227406.82	0.92	9.2	10.2	149	I	0.217948717948718
85	501033.99	6417871.62	0.97	8.6	12.9	160	III	0.215836526181354
301	322034.07	6722198.55	0.98	8	44.6	179	I	0.425357873210634
387	251673.61	6518741.32	1	7.5	6.9	271	I	0.403614457831325
240	400352.31	6138833.54	1.01	6.6	12.1	151	IV	0.244897959183673
304	333942.32	6663125.3	1.02	7.9	27.1	190	I	0.403543307086614
271	348711.77	6711924.3	1.08	7.2	6.4	130	I	0.388785046728972
209	414970.18	6156712.11	1.12	6.4	12.2	146	IV	0.238975817923186
325	342413.26	6226848.9	1.13	6.8	10.6	287	IV	0.247058823529412
125	454257.61	6632301.93	1.14	7.1	16.3	116	IV	0.23114956736712
59	521565.99	6479407.82	1.15	7.5	25.4	142	III	0.209443099273608
297	372915.38	6201693.21	1.16	6.8	8.4	224	IV	0.244252873563218
303	342934.94	6678616.6	1.16	7.4	10	194	I	0.393474088291747
228	401547.59	6373100.2	1.16	6.16	4.1	393	IV	0.209273182957393
333	314936.82	6654861.62	1.17	7.3	9.5	214	I	0.417177914110429
120	479213.36	6220086.55	1.18	8.8	15.8	133	IV	0.225981055480379
235	398589.21	6235904.79	1.18	9.6	12.8	191	I	0.226790450928382
386	251686.09	6530851.08	1.2	7.5	9.7	267	I	0.405241935483871
296	365058.97	6217702.16	1.21	6.4	10.5	242	IV	0.241084165477889
349	323918.45	6296466.95	1.22	6.3	11.1	549	IV	0.225941422594142
352	316141.01	6234886.63	1.23	6.5	11.9	347	IV	0.253435114503817
295	357728.13	6243261.45	1.23	6.3	11.4	269	IV	0.237430167597765
324	331109.74	6247386.21	1.24	6.7	10	332	IV	0.244186046511628
199	416997.72	6363301.56	1.24	6.93	7.2	293	IV	0.211706102117061
208	421888.16	6180591.73	1.26	6.2	15.5	149	IV	0.233425414364641
298	369232.85	6178825.41	1.27	6.7	13.2	202	IV	0.251862891207153
350	313421.09	6284488.11	1.27	6.4	11.5	508	IV	0.233190271816881
40	538352.25	6481363.71	1.27	6.6	19	123	III	0.205952380952381
390	259768.22	6551775.97	1.28	7.2	8.5	576	II	0.307291666666667
229	401702.31	6355988.66	1.29	5.88	9.9	330	IV	0.21039603960396
207	413075.1	6197489.78	1.29	6.3	13.3	166	IV	0.230245231607629
322	343471.42	6292973.66	1.3	6.1	16.6	442	IV	0.223418573351279
173	440484.77	6275979.3	1.3	5.5	8	162	IV	0.213483146067416
115	472700.37	6317987.42	1.31	5.48	18.5	155	IV	0.2125
329	336324.51	6164347.09	1.31	6.7	20.6	247	IV	0.27906976744186
237	393126.66	6195884.81	1.35	6.2	12.1	189	IV	0.237430167597765
267	372920.76	6201697.05	1.39	6.6	11.8	224	IV	0.244252873563218
169	446602.99	6357883.3	1.39	6.03	5.2	209	IV	0.213836477987421
381	277578.34	6454922.98	1.4	6.9	9.1	455	I	0.336917562724014
269	374283.45	6155857.43	1.42	6.8	8.2	186	IV	0.254901960784314
136	459339.54	6416019.79	1.43	7.2	19.5	232	IV	0.219480519480519
231	407790.89	6317411.91	1.44	6	11.2	297	IV	0.209302325581395
69	527007.19	6280271.32	1.44	7.2	14.4	127	IV	0.208281053952321
171	439491.94	6318077.2	1.44	5.71	6.7	209	IV	0.210135970333745
353	312199.39	6218220.17	1.45	6.4	10.1	338	IV	0.264752791068581
265	378353.93	6241497.3	1.46	6.2	13.3	217	IV	0.231393775372124
377	281465.52	6528076.84	1.46	7.2	6.9	1097	IV	0.280357142857143
174	440098.62	6250708.9	1.47	6.42	10.2	149	IV	0.215636822194199
114	480871.37	6337608.27	1.47	6.1	11.8	143	IV	0.213032581453634
68	521852.54	6296956.51	1.48	6.8	14.7	119	IV	0.209215442092154
46	540549.18	6359774.95	1.48	7.8	21.6	115	III	0.2
16	577542.57	6355541.79	1.5	8.4	18.3	86	III	0.2
380	270093.88	6473571.28	1.5	8	8	397	I	0.355555555555556
225	399621.51	6436898.31	1.51	7	14.9	371	IV	0.213282247765006
370	300698.51	6315617.77	1.51	7.4	7.1	801	IV	0.224011713030747
270	379627.02	6134719.16	1.52	7.7	33.2	177	III	0.254160363086233
238	400762.87	6181512.71	1.52	6.4	14.8	173	IV	0.237026647966339
204	432630.41	6256210.77	1.52	5.98	14	161	IV	0.215636822194199
330	344720.89	6134253.69	1.54	7.1	34.3	245	IV	0.275290215588723
145	459850.71	6238129.3	1.55	6.8	12	136	IV	0.21356783919598
232	409014.56	6295733.5	1.55	5.86	11.5	264	IV	0.212158808933002
268	373822.74	6168505.49	1.55	6.7	3.3	191	IV	0.252615844544096
385	235888.31	6553600.88	1.55	7.1	4	262	I	0.429175475687104
262	381632.96	6292313.34	1.6	6.7	10.2	296	IV	0.21728081321474
168	435863.85	6379223.07	1.6	6.35	14.4	244	IV	0.215189873417722
109	480685.62	6433791.94	1.61	7.8	24.5	195	III	0.218064516129032
194	419729.09	6457031.74	1.61	6.5	16.4	324	IV	0.217948717948718
263	384813.95	6282947.56	1.62	6.5	8.6	268	IV	0.220512820512821
66	523948.48	6338316.61	1.62	6.3	24.1	120	III	0.20563035495716
348	323107.77	6317897.91	1.63	6.9	7	698	IV	0.21866295264624
293	356796.29	6281601.06	1.64	6.4	18.2	347	IV	0.225033288948069
175	443317.34	6244372.51	1.64	5.63	15	146	IV	0.215636822194199
195	419886.44	6437078.79	1.65	7	30.7	323	IV	0.214012738853503
289	363949.38	6366384.19	1.65	6.8	13.6	603	IV	0.214002642007926
31	565136.39	6336920	1.66	5.7	26.1	109	III	0.200238379022646
258	378122.04	6374188.83	1.67	7.4	8.5	525	IV	0.212435233160622
389	244261.6	6468474.59	1.67	8	8.8	343	I	0.380116959064327
266	385668.46	6223914.94	1.68	6	13	201	IV	0.232558139534884
134	460337.21	6457270.37	1.7	7.4	18.9	235	III	0.217834394904459
197	424187.59	6394252.6	1.71	6.46	12.3	276	IV	0.215462610899873
335	315026.93	6615022.32	1.71	7.7	12.3	377	I	0.373540856031128
177	438685.11	6206639.95	1.71	7.7	15.8	147	IV	0.224137931034483
44	539590.42	6394001.67	1.73	6.6	16.8	121	III	0.197166469893743
382	257921.06	6610370.74	1.73	7	8.5	215	I	0.444924406047516
388	260311.31	6503994.26	1.74	7.5	10.1	286	I	0.386407766990291
55	521452.94	6557077.16	1.74	6.5	23.5	102	III	0.210340775558167
372	256688.95	6610529.25	1.74	6.9	7.4	211	I	0.446854663774403
220	399062.75	6541123.71	1.75	7.3	23.1	424	III	0.214285714285714
132	462239.48	6500270.7	1.75	7.5	24	223	III	0.214374225526642
170	442929	6343521.97	1.76	5.71	10.9	215	IV	0.211706102117061
144	456056.18	6258558.29	1.79	5.37	10.8	131	IV	0.215094339622642
321	348477.51	6320510.23	1.79	7.4	7.4	546	IV	0.215789473684211
164	440689.25	6459393.96	1.79	7	23.5	276	III	0.217557251908397
135	460414.96	6437318.15	1.8	7.4	12.8	239	IV	0.216944801026958
383	246082.72	6589469.07	1.81	7.2	8.5	230	I	0.439914163090129
92	505459.79	6279686.88	1.81	5.93	16.8	125	IV	0.212121212121212
206	415498.84	6218452.95	1.81	6.2	12.8	166	IV	0.225763612217795
139	465851.56	6355546.78	1.82	8.2	12.9	172	IV	0.21437578814628
291	358906.86	6318190.95	1.82	6.6	16.8	467	IV	0.214377406931964
227	406077.5	6399415.16	1.84	6.47	13.4	378	IV	0.213010204081633
234	401472.93	6255903.18	1.84	6.3	16	225	IV	0.218790218790219
236	402509.29	6212628.59	1.86	7.5	17	181	IV	0.230664857530529
127	459804.01	6596920.25	1.86	7	17.3	98	IV	0.224815724815725
366	300315.59	6496947.28	1.88	6.2	24	1012	II	0.268128161888702
179	435022.64	6151497.02	1.88	6.8	14.6	136	IV	0.236543909348442
205	415059.81	6233150.92	1.89	6.3	16.2	173	IV	0.222946544980443
23	560281.99	6498670.52	1.89	6.1	21.2	106	III	0.203252032520325
274	355738.66	6657257.94	1.89	8.3	11.5	397	I	0.362616822429907
80	502725.07	6522890.39	1.9	6.9	21.3	146	III	0.210336538461538
264	377971.74	6258673.41	1.91	6.3	12.4	236	IV	0.226490066225166
362	304823.83	6586069.64	1.91	7.4	13.6	525	I	0.347169811320755
36	540066.35	6554922.98	1.91	7	22.7	91	III	0.209545983701979
91	499572.02	6292383.84	1.91	6.11	14.4	122	IV	0.212045169385194
103	478088.6	6555573.5	1.92	7	24.7	151	III	0.215235792019347
180	445299.77	6133187.62	1.92	6.4	17.4	126	IV	0.238848920863309
222	399184.91	6498205.87	1.93	7	24.4	372	III	0.234817813765182
101	480380.6	6596977.65	1.93	6.8	11.7	90	IV	0.21968787515006
143	460321.84	6275948.22	1.94	5.45	9.2	139	IV	0.214285714285714
226	398740.66	6419517.58	1.94	5.98	16.8	421	IV	0.215304798962387
357	314547.33	6135107.22	1.94	6.9	12.6	263	IV	0.304029304029304
223	393818.33	6473952.7	1.95	6.9	21	406	III	0.233606557377049
140	464229.43	6338212.38	1.96	6.7	17.1	166	IV	0.212765957446809
316	358358.83	6422919.2	1.96	6.6	9.5	595	IV	0.247376311844078
365	292274.01	6516661.6	1.98	6.6	10.7	1014	IV	0.28
116	481955.4	6299138.96	2	6.85	13.6	131	IV	0.213032581453634
149	459156.5	6159880.09	2.01	6.1	17.6	129	IV	0.231843575418994
148	456152.09	6175430.28	2.01	6.9	18.3	140	IV	0.229281767955801
202	423547.62	6312202.42	2.03	5.31	11.1	242	IV	0.210850801479655
224	390997.43	6456295.53	2.03	7.2	21	445	III	0.225371120107962
172	431151.69	6297512.12	2.03	5.83	24.1	203	IV	0.212158808933002
203	420675.52	6277073.31	2.03	5.45	13.6	201	IV	0.214285714285714
272	358202.87	6708195.37	2.06	6.7	10.3	158	I	0.36983842010772
200	425171.03	6344753	2.08	6.19	13.9	263	IV	0.211372064276885
67	522520.03	6315973.81	2.08	6.6	21.1	112	III	0.207407407407407
287	360639.91	6397543.36	2.09	7.4	15.5	722	II	0.221598877980365
146	460984.57	6218295.14	2.09	6.2	15.9	146	IV	0.221343873517787
137	457447.09	6401522.79	2.1	6.9	20.2	224	III	0.219195849546044
373	271612.19	6610071.71	2.12	7.1	14.6	279	I	0.425263157894737
88	494748.6	6356124.39	2.12	6.2	19	146	III	0.212045169385194
294	360840.65	6258419.58	2.15	6	19.7	285	IV	0.231607629427793
87	500936.89	6377536.04	2.16	7	21.3	152	III	0.210526315789474
93	495630.78	6254220.95	2.17	5.72	17.6	131	IV	0.214652956298201
21	562334.29	6536964.65	2.17	6	30.5	111	III	0.204387990762125
165	440150.88	6437218.73	2.18	6.8	13	277	III	0.215836526181354
210	415114.34	6136351.04	2.18	6.4	13.1	147	IV	0.241329479768786
25	564983.2	6460703.73	2.19	6.3	23	108	III	0.200463499420626
159	439454.51	6556925.52	2.19	6.7	28.8	213	III	0.219178082191781
54	517735.01	6571859.01	2.19	6.7	27.7	89	III	0.212941176470588
152	431144.15	6693667.17	2.2	6.8	31.5	366	III	0.221411192214112
178	440748.31	6181170.21	2.2	6.6	16.8	145	IV	0.230769230769231
153	441061.88	6675046.78	2.21	6.9	25	226	III	0.22972972972973
81	504966.36	6496753.99	2.21	7	23.1	151	III	0.210206561360875
33	560453.58	6296710.81	2.22	5.8	23.3	123	III	0.202192448233861
9	585406.53	6575712.38	2.22	6	30.1	102	III	0.203351955307263
119	487791.2	6235224.29	2.24	6.7	10.4	132	IV	0.218872870249017
50	534776.97	6267747.44	2.24	5.74	15.9	125	IV	0.208542713567839
118	476134.61	6246140.01	2.24	5.48	16.3	130	IV	0.216944801026958
157	439227.16	6596823.36	2.26	6.6	27.6	184	III	0.226130653266332
214	388211.04	6657911.83	2.26	7.4	14.9	919	II	0.229411764705882
257	374614.17	6394682.13	2.26	7.4	12.4	651	IV	0.215155615696888
48	543884.12	6320334.12	2.27	6.1	22.9	114	III	0.204878048780488
38	540148.34	6525651.17	2.27	6.9	26.2	104	III	0.207990599294947
344	307888.35	6436237.59	2.27	7.4	19.6	777	II	0.26645264847512
288	363104.17	6380446.41	2.28	7.5	12.4	668	II	0.215447154471545
12	578393.83	6514829.82	2.28	6	25.6	109	III	0.200684150513113
133	457980.52	6478448.42	2.28	6.8	23.3	235	III	0.216624685138539
317	348091.44	6386836.04	2.28	6.6	13.4	751	II	0.221438645980254
111	477386.81	6397106.59	2.29	6.2	24.4	193	III	0.222368421052632
162	437738.53	6502293.25	2.29	7.2	23.2	282	III	0.217336683417085
83	503024.7	6459416.44	2.29	7	0.1	164	III	0.211895910780669
76	497504.29	6595467.86	2.3	6.2	12.3	86	III	0.216824644549763
104	472449.69	6531217.66	2.3	7.6	24.4	184	III	0.212636695018226
24	560549.49	6488512.66	2.3	5.8	24.3	111	III	0.202090592334495
89	500780.99	6333918.03	2.3	5.6	18.8	132	III	0.210199004975124
95	500274.48	6213317.47	2.31	7.6	16.7	128	IV	0.221628838451268
78	496547.77	6554849.01	2.31	7.4	25	122	III	0.214114832535885
142	465263.67	6296646.01	2.31	5.69	12.9	150	IV	0.211970074812968
379	281067.79	6495185.77	2.31	7.1	4	382	I	0.354243542435424
22	559369.85	6522721.97	2.32	5.8	32.4	109	III	0.204651162790698
198	420123.24	6377094.15	2.33	5.99	18.6	304	IV	0.211779448621554
147	460561.64	6198267.71	2.33	6.3	17.2	141	IV	0.227951153324288
155	430584.39	6631844.69	2.33	6.8	25.1	255	III	0.230179028132992
141	450952.97	6311663.16	2.35	5.59	20.4	182	IV	0.212158808933002
20	566036.41	6556136.64	2.36	6.4	33.4	105	III	0.204104903078677
123	452452.95	6685685.02	2.37	6.3	29	183	III	0.231143552311436
196	422555.73	6416998.92	2.37	6.7	18.1	306	III	0.213740458015267
158	444384.32	6572176.24	2.37	6.7	24.9	188	III	0.220570012391574
376	284724.37	6544881.61	2.38	8	15.6	1014	II	0.293478260869565
57	516398.81	6523475.26	2.39	7	26.5	128	III	0.210274790919952
72	519430.2	6208789.74	2.39	6.4	22	128	IV	0.214941022280472
138	460815.29	6380175.87	2.39	7.2	14.9	198	III	0.218508997429306
233	401905.27	6279373.63	2.4	6.5	15.4	282	IV	0.214105793450882
90	490612.02	6315769.43	2.4	5.81	12	127	IV	0.2125
117	481424.93	6268437.49	2.41	6.4	17.5	127	IV	0.215189873417722
302	336988.39	6702457.44	2.41	7.6	11.6	227	I	0.398058252427184
58	526721.79	6505980.35	2.43	6.9	29.5	127	III	0.208333333333333
65	522161.5	6361885.51	2.44	6.5	16.7	131	III	0.203883495145631
30	558959.39	6356407.25	2.44	6.5	30.1	109	III	0.199763593380615
261	374332.38	6317590.17	2.45	6.4	19	380	III	0.211442786069652
113	478417.9	6357823.02	2.46	6.9	18.7	162	III	0.213653603034134
106	480565.52	6497231.48	2.47	6.9	24.3	190	III	0.212792127921279
161	442482.7	6521238.9	2.48	7.4	25.1	259	III	0.215174129353234
190	419639.81	6535326.89	2.5	6.9	27.5	314	III	0.216624685138539
285	352374.61	6437236.25	2.51	7.5	18.4	588	II	0.260061919504644
361	292241.24	6594051.38	2.51	7.2	20	418	I	0.377952755905512
336	318722.78	6592812.81	2.51	7.5	15.9	560	I	0.330882352941176
284	364859.82	6456430.94	2.51	7.2	25.4	669	II	0.245827010622155
60	517747.76	6451336.03	2.51	6.5	24.3	146	III	0.208078335373317
129	462475.69	6557023.01	2.51	7.2	23.3	165	III	0.217073170731707
163	437197.36	6476251.34	2.55	6.6	23.2	276	III	0.218274111675127
378	270532.17	6513492.98	2.55	7	7.1	373	I	0.368821292775665
242	365386.79	6695977.78	2.56	6.9	26.9	235	III	0.349565217391304
375	273995.79	6573164.52	2.59	7.9	2.8	684	I	0.356031128404669
5	601138.47	6353446.4	2.6	6.9	28.8	103	III	0.196304849884527
15	581920.37	6376827.26	2.6	6.7	24	113	III	0.200234192037471
360	303239.8	6620640.32	2.62	7.6	13.2	323	I	0.397177419354839
8	589808.18	6593000.87	2.63	6.9	35.7	98	III	0.203559510567297
292	368023.83	6297300.27	2.63	6.2	19.4	345	IV	0.218228498074454
154	433488.84	6656235.7	2.63	6.7	26.5	272	III	0.22961104140527
334	326153.79	6628397.33	2.65	6.8	15.6	366	I	0.371153846153846
160	439488.01	6534812.88	2.65	7	25.3	249	III	0.215880893300248
102	478336.13	6581409.06	2.66	7.4	28.8	114	III	0.217548076923077
105	479440.8	6520630.34	2.66	7.4	22	178	IV	0.213154689403167
45	548155.43	6373990.13	2.66	6.6	19.6	114	III	0.198347107438017
49	541060.12	6295327.98	2.66	5.89	21.4	127	III	0.205191594561187
216	401699.9	6616495.67	2.67	7.2	24.1	513	III	0.229281767955801
367	295007.18	6475753.8	2.67	7.7	14.3	680	II	0.303602058319039
363	299754.13	6554098.11	2.67	8.2	5.8	708	I	0.316455696202532
51	548234.61	6259178.19	2.68	5.51	20.9	126	IV	0.204744069912609
56	518981.65	6539151.93	2.69	7.6	36.7	115	III	0.209715639810427
218	398262.26	6576561.37	2.69	6.9	22.7	513	II	0.20794701986755
201	417917.15	6326745.97	2.69	6.66	14.9	268	III	0.209815950920245
112	477023.58	6378135.27	2.7	6.6	14.1	172	III	0.217503217503217
221	402114.27	6516158.45	2.7	6.4	26.9	375	III	0.227034120734908
10	584319.93	6552571.38	2.71	6.6	32.7	111	III	0.201349831271091
246	382613.13	6619021.46	2.71	6.8	26	719	II	0.232248520710059
34	561826.72	6277805.93	2.72	5.5	19.1	124	IV	0.202702702702703
63	521616.09	6394127.28	2.73	6.7	22.6	138	III	0.202916160388821
347	323251.74	6333010.66	2.76	7.7	7.3	766	II	0.218487394957983
193	420262.09	6480316.16	2.76	6.9	23.5	318	III	0.223514211886305
43	541745.02	6421084.4	2.77	6.2	21.4	124	III	0.201670644391408
7	587501.2	6615272.45	2.78	6.7	33.6	97	III	0.205555555555556
18	580626	6317237.45	2.78	7.1	37.5	116	III	0.19833729216152
364	299158.85	6536650.69	2.8	7.1	21.9	925	II	0.288224956063269
369	295427.46	6437040.03	2.81	7.3	13.6	567	I	0.29933110367893
64	523663.16	6374579.7	2.83	6.3	23.1	133	III	0.201447527141134
259	371612.33	6361512.93	2.83	6.4	12.9	512	IV	0.21181001283697
96	501314	6200115.09	2.86	7.3	18	122	IV	0.220588235294118
290	360297.21	6339369.19	2.89	6.7	18	496	III	0.21520618556701
110	480716.92	6417424.43	2.9	6.6	21.6	195	III	0.221052631578947
37	540779.77	6533414.79	2.91	6.2	29.9	113	III	0.208430913348946
251	379912.81	6513834.93	2.93	6.9	29.7	497	III	0.255952380952381
82	493626.25	6469272.39	2.93	6.8	26.7	176	III	0.212422360248447
305	339487.39	6636140.96	2.94	7.4	20.8	418	I	0.357142857142857
191	418820.67	6517895.2	2.94	6.7	23.4	328	III	0.219822109275731
156	439114.39	6616771.45	2.94	7.2	22.5	193	III	0.228247162673392
29	561287.96	6377056.62	2.94	6	18.6	109	III	0.198598130841121
186	423666.86	6616209.04	2.94	6.2	31.5	299	III	0.227684346701164
320	338757.84	6338936.77	2.97	6.7	36.4	627	II	0.21875
286	360020.37	6412715.79	2.98	7.3	9.8	632	II	0.236918604651163
6	601798.13	6344095.95	2.98	7.4	25.2	109	III	0.193771626297578
3	596537.13	6390517.74	2.98	7.4	24	82	III	0.197488584474886
128	459951.17	6581355.85	2.98	7.5	23.8	120	III	0.222358722358722
187	418240.45	6593812.04	3	5.9	27.8	330	III	0.222509702457956
126	463017.16	6617130.56	3	7.3	27.7	80	III	0.227941176470588
14	584191.34	6397970.97	3	5.6	29.3	109	III	0.197928653624856
4	595665.51	6380483.6	3.01	6.1	28.5	95	III	0.197021764032073
374	278760.28	6590394.23	3.01	6.8	10.3	455	I	0.386317907444668
166	436267.75	6422024.45	3.01	6.6	21.1	285	III	0.215561224489796
255	379355.97	6436677.28	3.01	7.1	25.3	431	III	0.235294117647059
250	379858.94	6542664.31	3.05	7.01	26.23	586	III	0.222527472527473
167	443077.86	6398613.19	3.06	6.8	17.5	239	III	0.218228498074454
188	414895.03	6575416.09	3.09	7	27.3	350	III	0.216666666666667
86	503837.23	6399236.74	3.1	6.2	36.9	158	III	0.211392405063291
32	561075.51	6317869.86	3.11	6.5	26.6	117	III	0.201204819277108
39	544374.11	6494569.02	3.11	6.4	24	116	III	0.204946996466431
84	491398.68	6442386.3	3.11	6.9	20.2	185	III	0.216010165184244
282	366450.72	6494150.24	3.14	6.8	17.1	513	II	0.262518968133536
185	415617.58	6642028.94	3.16	7.1	25.4	415	III	0.231075697211155
183	418050.85	6676477.99	3.16	6.8	27.4	534	II	0.227450980392157
252	378648.57	6496538.18	3.2	7	27.2	471	III	0.25366568914956
130	456426.16	6528027.06	3.22	6.6	26.4	219	III	0.213759213759214
253	378883.18	6476585.09	3.22	7.1	26.2	451	III	0.249275362318841
314	340121.95	6459510.02	3.25	6.5	35.5	1099	II	0.222727272727273
150	448405.03	6145930.74	3.26	7.7	23.6	126	III	0.235460992907801
254	373300.19	6454148.92	3.26	7.2	24.7	561	II	0.24517087667162
279	357460.41	6556070.9	3.28	7.5	2.6	851	II	0.228915662650602
94	502250.4	6228811.57	3.3	6.6	15.7	137	IV	0.216993464052288
71	521364.08	6242214.02	3.31	6.4	18.9	123	III	0.211538461538462
99	467093.76	6665903.52	3.34	7.2	21	80	III	0.232643118148599
35	540132.48	6572395.39	3.35	6.8	37.4	82	III	0.210892236384705
192	419416.76	6496935.98	3.36	6.7	22.1	326	III	0.222651222651223
337	302508.48	6573026.77	3.41	7	18.7	600	III	0.333948339483395
98	470472.31	6684993.25	3.48	6.5	13.1	80	III	0.23680981595092
124	454630.37	6650994.26	3.49	6.6	25.7	128	III	0.230958230958231
47	545162.87	6334934.06	3.49	6.8	20.7	117	III	0.203143893591294
181	409646.23	6716651.09	3.58	8	20.2	650	II	0.244072524407252
77	498859.46	6582924.35	3.58	6	34	95	III	0.215895610913405
273	362072.5	6681196.78	3.59	7.6	17.1	359	I	0.348134991119005
281	363571.89	6515525.91	3.6	7.1	25	647	II	0.254931714719272
245	377040.03	6636194.96	3.64	7	23.4	941	II	0.230652503793627
42	532245.03	6442189.31	3.66	6.8	24	132	III	0.205066344993969
70	515660.94	6259661.03	3.69	6.7	12.7	129	IV	0.212738853503185
219	391757.12	6558626.52	3.72	6.5	36.1	533	III	0.205263157894737
283	358491.87	6479634.73	3.74	7.4	26.4	864	II	0.237082066869301
108	481351.78	6454470.98	3.78	6.6	29.1	198	III	0.215462610899873
28	562506.2	6396998.1	3.81	6.7	24.3	117	III	0.198135198135198
151	429559.32	6713097.28	3.81	7.6	19.1	626	II	0.223514211886305
41	537104.55	6461968.08	3.86	6.6	25.6	126	III	0.205495818399044
27	562125.92	6417161.8	3.98	6.1	23.9	113	III	0.198598130841121
318	338135.22	6376680.99	4.06	6.7	18.1	863	II	0.214689265536723
19	562987.43	6573479.28	4.1	6.8	31.2	106	III	0.206385404789054
215	397694.75	6636408.88	4.1	6.8	28.6	632	II	0.234708392603129
211	393546.63	6719911.08	4.17	7.7	34.6	452	II	0.280359820089955
184	414909.64	6656060.91	4.18	6.9	26.9	447	III	0.234042553191489
189	408415.59	6559530.63	4.23	6.9	31.3	397	III	0.212005108556833
182	414484.44	6691598.27	4.26	7.7	18.4	637	II	0.229946524064171
260	383588.56	6341232.69	4.31	6.5	27.5	419	III	0.20609756097561
276	357028.12	6627659.12	4.32	7.7	18.7	691	II	0.281407035175879
248	379647.2	6574478.26	4.33	6.7	19.5	701	II	0.199158485273492
230	406179.76	6343826.65	4.37	5.75	11	319	IV	0.207823960880196
17	584591.65	6335073.9	4.44	6	27.5	111	III	0.197647058823529
2	603163.55	6576899.24	4.48	6.6	30.8	103	III	0.200440528634361
213	400509.73	6673860.22	4.58	7.3	24.3	698	II	0.23728813559322
11	582795.8	6536823.17	4.66	6	33.2	114	III	0.200676437429538
342	316152.47	6474608.25	4.67	7.4	24.3	1066	II	0.241545893719807
241	375837.03	6714323.16	4.68	6.5	22.4	261	III	0.330016583747927
249	377951.96	6556394.26	4.76	6.9	16.1	707	II	0.206415620641562
343	304247.81	6459884.72	4.82	7.3	18.5	671	II	0.287603305785124
390	356043.7	6636299.33	4.89	7.8	17.2	576	II	0.307291666666667
217	398072.08	6596511.07	5.03	6.1	26.9	560	II	0.214965986394558
346	326290.24	6358536.99	5.25	6.7	1.1	793	II	0.221276595744681
319	335929.72	6354151.04	5.27	6.6	27.5	686	II	0.220994475138122
280	357799.36	6535105.05	5.48	7	11.8	738	II	0.246246246246246
278	357181.26	6576089.43	5.5	7.5	10.5	1207	II	0.207207207207207
313	351274.03	6477362.73	6.22	6.4	33.2	782	II	0.248840803709428
340	310568.45	6517138.98	6.23	7.9	17.6	1421	II	0.224755700325733
1241	381213.78	6709303.8	6.59	7.2	5.3	376	I	0.305732484076433
